-1.4
-1.5
-1.5
-1.6
-1.7
-1.8
-1.9
-2
-2.1
-2.2
-2.3
-2.5
-2.6
-2.9
-3.1
-3.3
-3.6
-3.9
-4.2
-4.5
-4.7
-4.9
-5
-5
-5.1
-5.1
-5.1
-5.1
-5.1
-5
-5
-5
-4.9
-4.8
-4.8
-4.6
-4.5
-4.3
-4.1
-4
-3.8
-3.6
-3.4
-3.3
-3.2
-3.2
-3.2
-3.2
-3.3
-3.4
-3.5
-3.6
-3.8
-3.9
-4
-3.9
-3.9
-3.8
-3.6
-3.4
-3.2
-3
-2.7
-2.5
-2.2
-2
-1.8
-1.6
-1.5
-1.4
-1.2
-1.2
-1.1
-1
-0.9
-0.9
-0.8
-0.8
-0.7
-0.7
-0.7
-0.6
-0.6
-0.5
-0.5
-0.5
-0.4
-0.4
-0.3
-0.2
-0.1
-0.1
0
0
0
0
-0.1
-0.2
-0.2
-0.3
-0.5
-0.6
-0.8
-0.9
-1.1
-1.3
-1.5
-1.8
-2
-2.2
-2.4
-2.5
-2.7
-2.8
-3
-3
-3.1
-3.2
-3.2
-3.2
-3.2
-3.1
-3.1
-3
-3
-2.9
-2.8
-2.7
-2.7
-2.6
-2.6
-2.5
-2.5
-2.4
-2.4
-2.4
-2.5
-2.6
-2.6
-2.7
-2.8
-2.9
-2.9
-2.9
-2.8
-2.8
-2.7
-2.7
-2.7
-2.7
-2.7
-2.8
-2.8
-2.9
-2.9
-3
-3.1
-3.1
-3
-3
-2.9
-2.8
-2.6
-2.5
-2.3
-2.2
-2
-1.9
-1.8
-1.8
-1.7
-1.7
-1.7
-1.8
-1.9
-2
-2.1
-2.3
-2.5
-2.5
-2.9
-3
-3.2
-3.2
-3.3
-3.2
-3.1
-3
-2.8
-2.7
-2.6
-2.6
-2.5
-2.5
-2.5
-2.5
-2.5
-2.5
-2.5
-2.6
-2.6
-2.7
-2.8
-2.9
-3
-3.2
-3.4
-3.6
-3.9
-4.1
-4.4
-4.6
-4.9
-5.3
-5.6
-6
-6.5
-6.9
-7.3
-7.5
-7.7
-7.4
-7.1
-6.5
-5.8
-5.2
-4.6
-4
-3.5
-3
-2.6
-2.2
-1.9
-1.7
-1.5
-1.4
-1.4
-1.5
-1.6
-1.8
-2.1
-2.6
-3
-3.7
-4.3
-5.1
-5.8
-6.3
-6.8
-6.6
-6.3
-5.9
-5.4
-5
-4.5
-4.2
-3.9
-3.7
-3.4
-3.3
-3.2
-3.2
-3.2
-3.3
-3.4
-3.6
-3.7
-3.8
-3.9
-4
-4
-4
-4
-4
-3.9
-3.9
-3.8
-3.8
-3.7
-3.6
-3.6
-3.6
-3.6
-3.6
-3.6
-3.7
-3.8
-4
-4.1
-4.2
-4.4
-4.4
-4.4
-4.2
-4
-3.7
-3.4
-3
-2.7
-2.4
-2.1
-2
-1.9
-1.9
-1.9
-2.1
-2.3
-2.7
-3
-3.5
-4
-4.6
-5.2
-5.6
-6
-6
-6.1
-5.8
-5.5
-5.1
-4.8
-4.4
-4
-3.8
-3.5
-3.3
-3.1
-2.9
-2.7
-2.6
-2.4
-2.2
-2.1
-1.9
-1.8
-1.6
-1.5
-1.4
-1.3
-1.4
-1.4
-1.5
-1.6
-1.8
-2.1
-2.4
-2.7
-2.8
-3
-2.9
-2.8
-2.5
-2.3
-2.1
-1.9
-1.7
-1.6
-1.5
-1.4
-1.4
0
0
-0.1
-0.2
-0.2
-0.4
-0.5
-0.7
-0.8
-1
-1.2
-1.4
-1.7
-1.9
-2.2
-2.5
-2.9
-3.3
-3.7
-4.1
-4.6
-5.1
-5.7
-6.3
-6.9
-7.6
-8.2
-8.9
-9.7
-10.4
-11.1
-11.9
-12.6
-13.3
-14.1
-14.9
-15.6
-16.4
-17.1
-17.8
-18.5
-18.7
-19
-18.6
-18.3
-17.8
-17.3
-16.9
-16.5
-16.2
-15.9
-15.7
-15.5
-15.3
-15.2
-15.2
-15.1
-15.1
-15.1
-15.2
-15.2
-15.3
-15.4
-15.6
-15.7
-15.9
-16
-16.2
-16.4
-16.6
-16.9
-17.1
-17.3
-17.6
-17.9
-18.1
-18.4
-18.7
-19
-19.2
-19.5
-19.7
-20
-20.2
-20.4
-20.6
-20.8
-20.9
-21
-21.2
-21.3
-21.4
-21.5
-21.6
-21.7
-21.8
-21.9
-22
-22.1
-22.2
-22.3
-22.3
-22.4
-22.5
-22.6
-22.7
-22.8
-22.9
-23
-23.1
-23.3
-23.5
-23.7
-23.9
-24.2
-24.5
-24.7
-25
-25.3
-25.5
-25.7
-25.8
-25.9
-26
-26.1
-26.1
-26.2
-26.2
-26.3
-26.4
-26.6
-26.7
-26.9
-27.1
-27.4
-27.7
-27.9
-28.3
-28.6
-29
-29.3
-29.7
-30.1
-30.5
-30.8
-31.1
-31.3
-31.3
-31.3
-31.1
-31
-30.8
-30.6
-30.6
-30.5
-30.6
-30.6
-30.8
-31
-31.1
-31.3
-31.3
-31.4
-31.3
-31.3
-31.3
-31.4
-31.6
-31.8
-32.1
-32.5
-33
-33.6
-34.3
-35.1
-35.7
-36.4
-36.9
-37.3
-37.7
-38.1
-38.1
-38.1
-38
-37.9
-37.6
-37.3
-36.6
-35.8
-35.1
-34.4
-34
-33.5
-33.4
-33.2
-33.3
-33.4
-33.5
-33.7
-34
-34.3
-34.7
-35.1
-35.4
-35.8
-35.9
-36.1
-35.9
-35.8
-35.4
-34.9
-34.4
-33.8
-33.3
-32.7
-32.2
-31.6
-31.1
-30.5
-30
-29.5
-29
-28.5
-28.1
-27.8
-27.5
-27.1
-26.9
-26.7
-26.5
-26.3
-26.2
-26
-25.9
-25.8
-25.7
-25.7
-25.6
-25.5
-25.5
-25.4
-25.4
-25.3
-25.3
-25.3
-25.2
-25.1
-25
-24.9
-24.8
-24.6
-24.4
-24.2
-24
-23.8
-23.5
-23.3
-23
-22.7
-22.4
-22.2
-21.9
-21.6
-21.4
-21.1
-20.9
-20.7
-20.4
-20.2
-20
-19.8
-19.6
-19.4
-19.2
-19
-18.8
-18.5
-18.3
-18.1
-17.9
-17.7
-17.5
-17.3
-17.1
-16.9
-16.7
-16.5
-16.4
-16.2
-16.1
-15.9
-15.8
-15.7
-15.6
-15.5
-15.4
-15.3
-15.2
-15.2
-15.1
-15.1
-15
-15
-15.1
-15.1
-15.1
-15.2
-15.3
-15.4
-15.6
-15.8
-16
-16.2
-16.4
-16.7
-16.9
-17.1
-17.2
-17.3
-17.2
-17
-16.7
-16.4
-15.9
-15.4
-14.8
-14.3
-13.7
-13.1
-12.4
-11.7
-10.9
-10.1
-9.3
-8.5
-7.8
-7.1
-6.5
-5.8
-5.3
-4.7
-4.3
-3.8
-3.3
-2.9
-2.6
-2.2
-1.9
-1.6
-1.3
-1.1
-0.9
-0.7
-0.5
-0.4
-0.2
-0.1
-0.1
0
0